1585823657941	888
1585823657942	887
1585823657945	886
1585823657951	970
1585823657958	894
1585836257392	1021
1586863457146	1024
1587057257048	1025
1587543858561	1028
1587543858563	1027
1587543858565	1026
1587548057147	1032
1587548057149	1031
1587548057151	1030
1588068258673	1004
1588068258676	962
1588068258683	1034
1588068258686	1036
1588068258689	920
1588068258692	905
1588068258695	1005
1588068258698	1006
1588068258701	968
1588068258705	1013
1588068258708	973
1588068258711	998
1588068258714	995
1588068258717	969
1588068258721	963
1588068258724	975
1588068258727	1035
1588068857686	1038
1588068857689	1014
1588068857692	1033
1588070657653	1040
1588074857665	1043
1588079057702	1047
1588085058334	1048
1588085657887	1046
1588085657890	1045
1588085657894	1044
1588086258602	1042
1588161257539	1053
1588164857514	1054
