1585734788011	1015
1585736407383	1016
1585739468283	1017
1585740094365	1018
1585740924353	1019
1585741335007	1020
1585836125626	1021
1586863088011	1024
1587057052410	1025
1587543766173	1026
1587543768810	1027
1587543770933	1028
1587547485113	1030
1587547487606	1031
1587547489670	1032
1587641596182	1037
1588067307182	1010
1588068115225	995
1588068117597	975
1588068119593	963
1588068121604	973
1588068123638	968
1588068178004	1013
1588068180151	962
1588068181960	905
1588068183665	1006
1588068186074	1005
1588068188170	1004
1588068190461	920
1588068192437	969
1588068194417	998
1588068200318	1035
1588068202720	1034
1588068204860	1036
1588068357087	1033
1588068360356	1014
1588068362983	1038
1588070420546	1040
1588074484614	1043
1588078653735	1047
1588085028161	1048
1588085555809	1044
1588085568469	1045
1588085578884	1046
1588085685830	1042
1588160954127	1053
1588164473450	1054
1588165365237	1055
